44;
85;
91;
95;
90;
80;
84;
47;
57;
28;
87;
8;
66;
67;
93;
59;
3;
42;
6;
36;
58;
74;
94;
27;
14;
60;
63;
38;
20;
23;
83;
76;
34;
70;
1;
62;
18;
4;
89;
56;
25;
50;
98;
10;
77;
19;
97;
32;
17;
5;
12;
68;
49;
43;
69;
9;
86;
7;
64;
2;
72;
24;
15;
22;
53;
30;
71;
16;
54;
55;
78;
45;
79;
92;
37;
52;
96;
61;
40;
73;
65;
33;
81;
35;
88;
41;
29;
21;
51;
39;
82;
13;
48;
46;
26;
31;
75;
11;
99;
44;
85;
91;
95;
90;
80;
84;
47;
57;
28;
87;
8;
66;
67;
93;
59;
3;
42;
6;
36;
58;
74;
94;
27;
14;
60;
63;
38;
20;
23;
83;
76;
34;
70;
1;
62;
18;
4;
89;
56;
25;
50;
98;
10;
77;
19;
97;
32;
17;
5;
12;
68;
49;
43;
69;
9;
86;
7;
64;
2;
72;
24;
15;
22;
53;
30;
71;
16;
54;
55;
78;
45;
79;
92;
37;
52;
96;
61;
40;
73;
65;
33;
81;
35;
88;
41;
29;
21;
51;
39;
82;
13;
48;
46;
26;
31;
75;
11;
99;
99;
200;
